0 0 0 0 0 0 0 0 0 0 0 0 0 0 0 0 0 0 0 0 0 0 0 0 0 0 0 
0 0 0 0 0 0 0 0 0 0 0 0 0 0 0 0 0 0 12 12 12 12 12 12 12 12 12 
0 0 0 0 0 0 0 0 0 0 0 0 0 0 0 0 0 0 12 12 13 13 13 13 13 13 13 
0 0 0 0 0 0 0 22 22 22 22 22 22 22 22 22 22 22 22 22 22 22 22 22 22 34 34 
0 0 0 0 0 0 8 22 22 22 22 22 22 30 30 30 30 30 30 30 30 30 30 30 30 34 34 
0 0 0 0 0 0 8 22 22 22 22 22 22 30 30 30 30 30 30 34 34 34 34 34 34 34 34 
0 0 0 0 0 14 14 22 22 22 22 22 36 36 36 36 36 36 44 44 44 44 44 44 48 48 48 
0 0 0 13 13 14 14 22 27 27 35 35 36 36 36 49 49 49 49 49 49 57 57 57 57 57 57 
0 0 22 22 22 35 35 36 36 44 49 49 57 57 58 58 58 71 71 71 71 71 71 79 79 79 79 
0 0 22 22 22 35 35 36 36 44 49 49 57 57 58 58 58 71 71 71 71 71 71 79 79 79 79 
0 0 22 22 22 35 35 36 36 44 49 49 57 57 58 58 58 71 71 71 71 71 71 79 79 79 79 
0 0 22 22 22 35 35 36 36 44 49 49 57 57 58 58 58 71 71 71 71 71 71 79 79 79 79 
0 0 22 22 22 35 35 36 36 44 49 49 57 57 58 58 58 71 71 71 76 76 77 79 79 90 90 
0 0 22 22 22 35 35 36 36 44 49 49 57 57 58 58 58 71 71 71 76 76 77 79 79 90 90 
0 0 22 22 22 35 35 36 36 44 49 49 57 57 58 58 58 71 71 71 76 76 77 79 79 90 90 
0 0 22 22 22 35 35 36 36 44 49 49 57 57 58 58 58 71 71 71 76 76 77 79 79 90 90 
0 0 22 22 22 35 35 36 36 44 49 49 57 57 58 58 58 71 71 71 76 76 77 79 79 90 90 
0 0 22 22 22 35 35 36 36 44 49 49 57 57 58 58 58 71 71 71 76 76 77 79 79 90 90 
0 0 22 22 22 35 35 36 36 44 49 49 57 57 58 58 58 71 71 71 76 76 77 79 79 90 90 
0 0 22 22 22 35 35 36 36 44 49 49 57 57 58 58 58 71 71 71 76 76 77 79 84 90 90 
0 0 22 22 22 35 35 36 36 44 49 49 57 57 58 58 58 71 71 71 76 76 77 79 84 90 90 
0 0 22 22 22 35 35 36 36 44 49 49 57 57 58 58 58 71 71 71 76 76 77 79 84 90 90 
0 0 22 22 22 35 35 36 36 44 49 49 57 57 58 58 58 71 71 71 76 76 77 79 84 90 90 
0 0 22 22 22 35 35 36 36 44 49 49 57 57 58 58 58 71 71 71 76 76 79 79 84 90 90 
0 0 22 22 22 35 35 36 36 44 49 49 57 57 58 58 58 71 71 71 76 76 79 79 84 90 90 
0 0 22 22 22 35 35 36 36 44 49 49 57 57 58 58 58 71 71 71 76 76 79 79 84 90 90 
0 0 22 22 22 35 35 36 36 44 49 49 57 57 58 58 58 71 71 71 76 76 79 79 84 90 90 
0 0 22 22 22 35 35 36 36 44 49 49 57 57 58 58 58 71 71 71 76 76 79 79 84 90 90 
0 0 22 22 22 35 35 36 36 44 49 49 57 57 58 58 58 71 71 71 76 76 79 79 84 90 90 
0 0 22 22 22 35 35 36 36 44 49 49 57 57 58 58 58 71 71 71 76 76 79 79 84 90 90 
0 0 22 22 22 35 35 36 36 44 49 49 57 57 58 58 58 71 71 71 76 76 79 79 84 90 90 
0 0 22 22 22 35 35 36 36 44 49 49 57 57 58 58 58 71 71 71 76 76 79 79 84 90 90 
0 0 22 22 22 35 35 36 36 44 49 49 57 57 58 58 58 71 71 71 76 76 79 79 84 90 90 
0 0 22 22 22 35 35 36 36 44 49 49 57 57 58 58 58 71 71 71 76 76 79 79 84 90 90 
0 0 22 22 22 37 37 37 50 50 51 51 59 64 64 72 72 73 73 73 86 86 86 91 91 94 94 
0 0 22 22 22 37 37 37 50 50 51 51 59 64 64 72 72 73 73 73 86 86 86 91 91 94 94 
0 0 22 22 22 37 37 37 50 50 51 51 59 64 64 72 72 73 73 73 86 86 86 91 91 94 94 
0 0 22 22 22 37 37 37 50 50 51 51 59 64 64 72 72 73 73 77 86 86 86 91 91 94 94 
0 0 22 22 22 37 37 37 50 50 51 51 59 64 64 72 72 73 73 77 86 86 86 91 91 94 94 
0 0 22 22 22 37 37 37 50 50 51 51 59 64 64 72 72 73 73 77 86 86 86 91 91 94 94 
0 17 22 39 39 39 54 54 54 67 67 68 68 76 81 81 89 89 90 90 94 103 103 103 108 108 111 
