0.5	0.00106718	994037	0.8	7.22877e-005	1035605	0.9999	0.0221936	878998	
0.5	7.05029e-006	0	0.8	2.01692e-005	0	0.9999	0.0187306	0	
0.5	7.67499e-006	0	0.8	2.15971e-005	0	0.9999	0.0182486	0	
0.5	6.69331e-006	382341	0.8	1.9366e-005	353745	0.9999	0.018149	318567	
0.5	6.60406e-006	0	0.8	1.99461e-005	0	0.9999	0.0180682	0	
0.5	6.82718e-006	961961	0.8	1.98122e-005	835240	0.9999	0.0177407	728132	
0.5	7.00566e-006	0	0.8	2.01692e-005	0	0.9999	0.0183222	0	
0.5	7.05029e-006	0	0.8	1.99461e-005	0	0.9999	0.017362	0	
0.5	6.78255e-006	259757	0.8	1.91429e-005	255883	0.9999	0.0179746	216194	
0.5	7.18415e-006	0	0.8	2.01245e-005	0	0.9999	0.018711	0	
0.5	7.22877e-006	1033969	0.8	2.15971e-005	903817	0.9999	0.0183746	768420	
0.5	7.49651e-006	0	0.8	2.18202e-005	0	0.9999	0.0182694	0	
0.5	6.69331e-006	0	0.8	1.84735e-005	0	0.9999	0.0174038	0	
0.5	6.8718e-006	340460	0.8	1.94998e-005	339205	0.9999	0.017784	300562	
0.5	7.85348e-006	0	0.8	2.15971e-005	0	0.9999	0.0186027	0	
0.5	8.03197e-006	869952	0.8	2.02138e-005	771147	0.9999	0.0185462	624941	
0.5	7.71962e-006	0	0.8	2.17756e-005	0	0.9999	0.0184871	0	
0.5	7.18415e-006	0	0.8	2.05708e-005	0	0.9999	0.0189958	0	
0.5	6.64869e-006	307848	0.8	1.94106e-005	298234	0.9999	0.0181567	258735	
0.5	7.2734e-006	0	0.8	2.09724e-005	0	0.9999	0.0187816	0	
0.5	7.45188e-006	1073508	0.8	2.12847e-005	1005586	0.9999	0.0181513	848348	
0.5	7.13953e-006	0	0.8	2.01245e-005	0	0.9999	0.018455	0	
0.5	7.67499e-006	0	0.8	3.09231e-005	0	0.9999	0.0184258	0	
0.5	6.78255e-006	322484	0.8	1.90536e-005	296998	0.9999	0.0184414	266481	
0.5	7.71962e-006	0	0.8	2.22218e-005	0	0.9999	0.0198026	0	
0.5	7.09491e-006	754542	0.8	2.01245e-005	718969	0.9999	0.0185725	578040	
0.5	7.45188e-006	0	0.8	2.16863e-005	0	0.9999	0.0183151	0	
0.5	6.24709e-006	736266998	0.8	1.67779e-005	698044338	0.9999	0.0160215	693227921	
0.5	6.55944e-006	325437	0.8	1.9009e-005	329353	0.9999	0.0182418	293082	
0.5	6.38095e-006	774297197	0.8	1.84735e-005	733821777	0.9999	0.0183454	725369336	
0.5	6.96104e-006	1059667	0.8	2.01692e-005	1008387	0.9999	0.0179034	853068	
0.5	7.58575e-006	0	0.8	2.16863e-005	0	0.9999	0.0185161	0	
0.5	6.64869e-006	954275919	0.8	1.85628e-005	865103628	0.9999	0.0161771	859682925	
0.5	6.60406e-006	305273	0.8	1.93214e-005	287055	0.9999	0.0178961	251678	
0.5	6.69331e-006	755621920	0.8	1.87413e-005	693719569	0.9999	0.0181154	675251497	
0.5	6.78255e-006	907888	0.8	1.98568e-005	908478	0.9999	0.0186206	741073	
0.5	7.58575e-006	0	0.8	2.16417e-005	0	0.9999	0.0184336	0	
0.5	5.89011e-006	703653670	0.8	1.61532e-005	650084629	0.9999	0.0159962	639019902	
0.5	7.13953e-006	314105	0.8	2.07939e-005	320058	0.9999	0.0180862	264354	
0.5	6.38095e-006	177466090	0.8	1.89198e-005	162892224	0.9999	0.0178558	160618019	
0.5	7.45188e-006	902481	0.8	2.12847e-005	825458	0.9999	0.0184277	682788	
0.5	7.09491e-006	0	0.8	2.02584e-005	0	0.9999	0.0182427	0	
0.5	6.42558e-006	209033423	0.8	1.80719e-005	178041137	0.9999	0.0165113	173775479	
0.5	7.09491e-006	346409	0.8	2.07939e-005	337135	0.9999	0.0183094	300720	
0.5	6.51482e-006	178563877	0.8	1.85628e-005	166594940	0.9999	0.0182618	162503153	
0.5	7.36264e-006	1196036	0.8	2.10616e-005	1175257	0.9999	0.0179248	986454	
0.5	7.09491e-006	0	0.8	2.02584e-005	0	0.9999	0.0183099	0	
0.5	7.76424e-006	214872870	0.8	1.68671e-005	170344005	0.9999	0.016126	168164505	
0.5	7.22877e-006	355789	0.8	2.08385e-005	324195	0.9999	0.0182711	292983	
0.5	7.13953e-006	131917147	0.8	2.01245e-005	114662597	0.9999	0.0180523	110495275	
0.5	7.36264e-006	1699268	0.8	2.05261e-005	1592423	0.9999	0.0177606	1435705	
0.5	9.77223e-006	6657	0.8	2.90043e-005	4756	0.9999	0.0285607	2669	
0.5	6.64869e-006	3004373	0.8	1.92767e-005	2875089	0.9999	0.0167963	2262587	
0.5	6.78255e-006	259291	0.8	1.93214e-005	249093	0.9999	0.0177468	211197	
0.5	6.82718e-006	693781	0.8	1.92321e-005	603626	0.9999	0.0176928	506913	
0.5	7.05029e-006	584306	0.8	3.3645e-005	534026	0.9999	0.0182968	432090	
0.5	9.5045e-006	6699	0.8	2.74426e-005	5903	0.9999	0.0259627	4596	
0.5	6.96104e-006	1905132	0.8	1.91429e-005	1922673	0.9999	0.016721	1561456	
0.5	6.51482e-006	344453	0.8	1.94106e-005	345168	0.9999	0.0177435	286431	
0.5	7.05029e-006	256769	0.8	2.01692e-005	26649	0.9999	0.0190368	10645	
0.5	6.96104e-006	652142	0.8	2.02584e-005	577548	0.9999	0.0187431	473239	
0.5	1.02185e-005	7836	0.8	2.92274e-005	7372	0.9999	0.0265238	5397	
0.5	7.63037e-006	2538247	0.8	1.94552e-005	1685448	0.9999	0.0178029	1440055	
0.5	6.73793e-006	387149	0.8	1.91875e-005	378089	0.9999	0.0179505	342585	
0.5	7.63037e-006	0	0.8	2.21772e-005	0	0.9999	0.0189173	0	
0.5	8.21046e-006	802711	0.8	2.16863e-005	702557	0.9999	0.0187028	578000	
0.5	7.09491e-006	0	0.8	2.0303e-005	0	0.9999	0.018178	0	
0.5	7.58575e-006	0	0.8	2.17756e-005	0	0.9999	0.018346	0	
0.5	6.73793e-006	328835	0.8	1.95445e-005	320042	0.9999	0.0176866	280460	
0.5	7.2734e-006	0	0.8	1.96783e-005	0	0.9999	0.0185014	0	
0.5	7.80886e-006	1470866	0.8	1.98122e-005	1248697	0.9999	0.0178425	1096669	
0.5	7.05029e-006	0	0.8	2.02138e-005	0	0.9999	0.0180893	0	
0.5	7.00566e-006	0	0.8	2.02584e-005	0	0.9999	0.018592	0	
0.5	6.55944e-006	358212	0.8	1.92767e-005	345072	0.9999	0.0181766	309968	
0.5	7.00566e-006	0	0.8	2.05708e-005	0	0.9999	0.0183419	0	
0.5	6.96104e-006	998785	0.8	1.96337e-005	957792	0.9999	0.018376	839668	
0.5	7.67499e-006	0	0.8	2.16863e-005	0	0.9999	0.0184095	0	
0.5	6.96104e-006	0	0.8	2.02584e-005	0	0.9999	0.0182664	0	
0.5	6.60406e-006	359755	0.8	1.91429e-005	354295	0.9999	0.0178755	318403	
0.5	7.18415e-006	0	0.8	2.07939e-005	0	0.9999	0.0190348	0	
0.5	7.09491e-006	869379	0.8	2.04369e-005	786581	0.9999	0.0184879	698772	
0.5	7.09491e-006	0	0.8	2.02138e-005	0	0.9999	0.0185724	0	
0.5	7.09491e-006	0	0.8	2.04369e-005	0	0.9999	0.0187703	0	
0.5	6.73793e-006	314885	0.8	1.94552e-005	307353	0.9999	0.0179645	285851	
0.5	7.71962e-006	0	0.8	2.23557e-005	0	0.9999	0.0191802	0	
0.5	7.76424e-006	655051	0.8	2.17756e-005	551923	0.9999	0.0189481	464384	
0.5	7.09491e-006	0	0.8	2.02584e-005	0	0.9999	0.01835	0	
0.5	7.13953e-006	0	0.8	2.04815e-005	0	0.9999	0.0183571	0	
0.5	6.82718e-006	334440	0.8	1.95445e-005	316054	0.9999	0.0181155	286967	
0.5	7.09491e-006	606950642	0.8	2.00799e-005	545987824	0.9999	0.0181369	522813469	
0.5	6.82718e-006	1244449	0.8	1.93214e-005	1161469	0.9999	0.0177761	973875	
0.5	7.54113e-006	0	0.8	2.16417e-005	0	0.9999	0.0183895	0	
0.5	6.96104e-006	813113257	0.8	1.62424e-005	725165231	0.9999	0.0162672	685527574	
0.5	6.60406e-006	372532	0.8	1.9366e-005	368462	0.9999	0.0181226	335414	
0.5	6.0686e-006	806483050	0.8	1.83397e-005	693582042	0.9999	0.0180653	677220942	
0.5	7.05029e-006	716591	0.8	1.99461e-005	685829	0.9999	0.0184172	621613	
0.5	6.96104e-006	0	0.8	2.02584e-005	0	0.9999	0.0184509	0	
0.5	6.11322e-006	578961611	0.8	1.74472e-005	516213748	0.9999	0.0164751	497690207	
0.5	6.55944e-006	309631	0.8	1.93214e-005	301633	0.9999	0.0180066	268958	
0.5	6.51482e-006	659302986	0.8	1.92321e-005	559742372	0.9999	0.0179248	550583683	
0.5	7.40726e-006	1678138	0.8	2.03923e-005	1592926	0.9999	0.0173321	1448330	
0.5	7.80886e-006	192	0.8	2.22218e-005	0	0.9999	0.0193212	0	
0.5	6.33633e-006	298174192	0.8	1.72687e-005	257148310	0.9999	0.0162858	245265006	
0.5	6.51482e-006	322869	0.8	1.9366e-005	329693	0.9999	0.0177883	302907	
0.5	6.55944e-006	136706752	0.8	1.8652e-005	93943049	0.9999	0.0178829	81249095	
0.5	6.73793e-006	1105542	0.8	1.9366e-005	1015142	0.9999	0.0180164	889312	
0.5	7.36264e-006	165	0.8	2.07493e-005	93	0.9999	0.0191336	12	
0.5	6.51482e-006	179740310	0.8	1.82504e-005	143740139	0.9999	0.0167654	136019453	
0.5	6.73793e-006	328496	0.8	1.92321e-005	312222	0.9999	0.0177067	279391	
0.5	6.42558e-006	106641129	0.8	1.88751e-005	87224378	0.9999	0.0185174	80037580	
0.5	6.8718e-006	851593	0.8	1.99907e-005	791728	0.9999	0.0183647	660911	
0.5	7.67499e-006	153	0.8	2.10616e-005	0	0.9999	0.0197208	0	
0.5	6.0686e-006	167194334	0.8	1.72687e-005	129876944	0.9999	0.0160673	123175372	
0.5	6.82718e-006	345058	0.8	1.91429e-005	328869	0.9999	0.0182311	295638	
0.5	6.69331e-006	12213600	0.8	1.88751e-005	9239675	0.9999	0.0177619	8745161	
0.5	6.78255e-006	862768	0.8	1.95891e-005	850013	0.9999	0.0179754	713271	
0.5	9.63836e-006	8486	0.8	2.76657e-005	7130	0.9999	0.0275397	4508	
0.5	7.00566e-006	2032707	0.8	2.02138e-005	1607574	0.9999	0.017125	1332342	
0.5	6.78255e-006	392581	0.8	1.91429e-005	367843	0.9999	0.0180299	323480	
0.5	7.40726e-006	3132341	0.8	2.79334e-005	2345985	0.9999	0.0212144	2279600	
0.5	6.91642e-006	730603	0.8	2.00353e-005	704580	0.9999	0.0187808	608550	
0.5	9.72761e-006	12922	0.8	2.77995e-005	8256	0.9999	0.0272166	6463	
0.5	6.69331e-006	2424941	0.8	1.89198e-005	1754210	0.9999	0.017192	1330834	
0.5	7.05029e-006	353093	0.8	1.92767e-005	331203	0.9999	0.0178982	309302	
0.5	6.38095e-006	1785795	0.8	1.91875e-005	1198482	0.9999	0.0186412	1034621	
