0.5	2.3327e-005	5049	0.8	6.21029e-005	4851	0.9999	0.0553336	1058	
0.5	2.32711e-005	2810	0.8	6.15441e-005	2290	0.9999	0.056136	1717	
0.5	2.31035e-005	6218	0.8	8.93689e-005	3132	0.9999	0.0558124	794	
0.5	2.22095e-005	6307	0.8	6.15721e-005	4453	0.9999	0.055563	2824	
0.5	2.25727e-005	3124	0.8	6.21308e-005	3774	0.9999	0.0551615	1141	
0.5	2.24889e-005	21046	0.8	6.18235e-005	15522	0.9999	0.05551	8534	
0.5	2.23213e-005	20494	0.8	6.15441e-005	13405	0.9999	0.0550828	6863	
0.5	2.26844e-005	16101	0.8	6.10692e-005	10770	0.9999	0.0556534	8147	
0.5	2.24051e-005	34723	0.8	6.87518e-005	27293	0.9999	0.0552881	17100	
0.5	2.25448e-005	16142	0.8	6.03429e-005	21970	0.9999	0.0552771	10968	
0.5	2.46959e-005	45240	0.8	5.96165e-005	41307	0.9999	0.0543415	18987	
0.5	2.27962e-005	37266	0.8	6.03987e-005	31735	0.9999	0.055324	20908	
0.5	2.22375e-005	52325	0.8	6.01473e-005	52734	0.9999	0.0540511	30967	
0.5	2.39137e-005	39982	0.8	5.99797e-005	25573	0.9999	0.0549927	15400	
0.5	2.22933e-005	56326	0.8	6.02032e-005	44617	0.9999	0.054103	28028	
0.5	2.19022e-005	118360	0.8	5.68787e-005	113384	0.9999	0.0522508	74234	
0.5	2.15949e-005	107226	0.8	5.72698e-005	101894	0.9999	0.0513371	80889	
0.5	2.13714e-005	104141	0.8	5.73816e-005	101276	0.9999	0.0526095	76125	
0.5	2.17905e-005	110971	0.8	5.72419e-005	106177	0.9999	0.0516633	78560	
0.5	2.1986e-005	96813	0.8	5.78286e-005	92850	0.9999	0.05269	65873	
0.5	1.87175e-005	125187	0.8	5.12076e-005	102108	0.9999	0.0449164	80913	
0.5	1.8941e-005	156756	0.8	5.22971e-005	118512	0.9999	0.045408	104108	
0.5	1.86057e-005	173676	0.8	5.03695e-005	167518	0.9999	0.0441746	138627	
0.5	1.91086e-005	178106	0.8	5.11797e-005	163704	0.9999	0.0457314	122415	
0.5	1.91086e-005	176424	0.8	5.07048e-005	174128	0.9999	0.0443905	131297	
0.5	2.41651e-005	2991	0.8	6.39187e-005	3764	0.9999	0.0586505	144	
0.5	2.36622e-005	2376	0.8	6.45333e-005	3655	0.9999	0.0578721	106	
0.5	2.42489e-005	4644	0.8	6.26057e-005	371	0.9999	0.0583662	48	
0.5	2.31594e-005	3678	0.8	6.50362e-005	1741	0.9999	0.0580967	274	
0.5	2.32991e-005	2618	0.8	6.23822e-005	1795	0.9999	0.0568402	395	
0.5	2.44444e-005	27466	0.8	8.45918e-005	23284	0.9999	0.0583609	7840	
0.5	2.39695e-005	17621	0.8	6.50362e-005	12030	0.9999	0.0591421	4425	
0.5	2.31035e-005	22353	0.8	6.35556e-005	14985	0.9999	0.0589005	7593	
0.5	2.43886e-005	7953	0.8	0.000115126	7955	0.9999	0.0609495	3543	
0.5	2.39416e-005	14462	0.8	6.33321e-005	15189	0.9999	0.0585476	6417	
0.5	2.288e-005	56128	0.8	6.35276e-005	38742	0.9999	0.0578617	23696	
0.5	2.26565e-005	50652	0.8	6.28851e-005	48400	0.9999	0.0569452	19760	
0.5	2.43606e-005	49959	0.8	6.688e-005	42824	0.9999	0.058894	27157	
0.5	2.33829e-005	53953	0.8	6.55111e-005	41704	0.9999	0.0581951	21335	
0.5	2.51708e-005	38329	0.8	6.21867e-005	43767	0.9999	0.0578207	20950	
0.5	2.24889e-005	98258	0.8	5.96724e-005	82477	0.9999	0.0535485	61912	
0.5	2.21257e-005	126527	0.8	6.03149e-005	114737	0.9999	0.0542538	84624	
0.5	2.16787e-005	119387	0.8	6.31645e-005	103128	0.9999	0.0537241	69384	
0.5	2.23492e-005	114922	0.8	5.90857e-005	120226	0.9999	0.0536534	81249	
0.5	2.18464e-005	103817	0.8	5.98679e-005	91083	0.9999	0.0546626	70453	
0.5	2.00305e-005	101743	0.8	5.24368e-005	97660	0.9999	0.0469269	67895	
0.5	1.97511e-005	159072	0.8	5.33587e-005	161117	0.9999	0.0459144	119254	
0.5	1.98629e-005	126787	0.8	6.11251e-005	112323	0.9999	0.0480748	77105	
0.5	1.88292e-005	152030	0.8	5.19619e-005	137595	0.9999	0.0457521	113447	
0.5	1.91924e-005	142795	0.8	5.12076e-005	127733	0.9999	0.0460436	99825	
0.5	3.44178e-005	5906	0.8	6.83327e-005	6854	0.9999	0.0610141	333	
0.5	2.64279e-005	2345	0.8	7.06514e-005	1061	0.9999	0.0603937	27	
0.5	2.39695e-005	576	0.8	6.57346e-005	1877	0.9999	0.0602282	0	
0.5	2.33549e-005	4080	0.8	7.41994e-005	1462	0.9999	0.0602766	0	
0.5	2.43606e-005	5918	0.8	6.47568e-005	1671	0.9999	-119.927	0	
0.5	2.54781e-005	16234	0.8	6.79975e-005	9548	0.9999	0.0621659	2999	
0.5	2.50032e-005	23076	0.8	6.95619e-005	13243	0.9999	0.0624932	3502	
0.5	2.5087e-005	18201	0.8	6.73549e-005	23977	0.9999	0.0609488	7022	
0.5	2.59251e-005	22362	0.8	6.89752e-005	24774	0.9999	0.062316	5159	
0.5	2.46959e-005	31117	0.8	6.74387e-005	17877	0.9999	0.0633211	5844	
0.5	2.54502e-005	57218	0.8	6.84445e-005	49415	0.9999	0.0619383	23375	
0.5	2.52546e-005	43065	0.8	6.81092e-005	37938	0.9999	0.061948	16571	
0.5	2.52546e-005	53516	0.8	6.74946e-005	44211	0.9999	0.0611896	23427	
0.5	2.43886e-005	73154	0.8	6.86121e-005	67296	0.9999	0.0603244	29301	
0.5	2.45562e-005	45404	0.8	6.54832e-005	37882	0.9999	0.0608043	17592	
0.5	2.25448e-005	113198	0.8	6.19632e-005	106059	0.9999	0.0567958	70128	
0.5	2.3746e-005	137400	0.8	6.40584e-005	104497	0.9999	0.0568411	68793	
0.5	2.34667e-005	129310	0.8	6.10133e-005	116382	0.9999	0.0562528	83158	
0.5	2.54781e-005	121545	0.8	6.17397e-005	121431	0.9999	0.0564097	85327	
0.5	2.25448e-005	114368	0.8	5.984e-005	99930	0.9999	0.0559996	71601	
0.5	2.10641e-005	128139	0.8	5.5901e-005	116386	0.9999	0.0503886	93480	
0.5	2.10362e-005	165053	0.8	5.72698e-005	146285	0.9999	0.0505025	119104	
0.5	2.11479e-005	89149	0.8	5.66273e-005	104379	0.9999	0.0500152	71189	
0.5	2.07289e-005	125765	0.8	5.73816e-005	107697	0.9999	0.0511327	82776	
0.5	2.00864e-005	137627	0.8	5.42806e-005	129094	0.9999	0.0496701	101458	
0.5	2.464e-005	1349	0.8	6.58184e-005	2310	0.9999	0.0619112	0	
0.5	2.45841e-005	4345	0.8	6.65448e-005	2219	0.9999	0.0611634	0	
0.5	2.34667e-005	1242	0.8	6.39467e-005	520	0.9999	0.0605741	0	
0.5	2.52546e-005	4074	0.8	6.89752e-005	3228	0.9999	0.0638329	0	
0.5	2.53105e-005	8041	0.8	6.67403e-005	5877	0.9999	0.0633665	0	
0.5	2.71543e-005	14741	0.8	7.41714e-005	10959	0.9999	0.0680081	2957	
0.5	2.7713e-005	21767	0.8	7.31099e-005	13943	0.9999	0.0691269	1445	
0.5	2.67911e-005	22903	0.8	7.52889e-005	11474	0.9999	0.0679827	1992	
0.5	2.73778e-005	22689	0.8	7.33333e-005	24641	0.9999	0.0676818	3263	
0.5	2.60089e-005	12935	0.8	7.05956e-005	9638	0.9999	0.0648708	1783	
0.5	2.62044e-005	41629	0.8	7.05676e-005	44771	0.9999	0.0679052	13139	
0.5	2.5981e-005	66939	0.8	6.91987e-005	50440	0.9999	0.0644779	22397	
0.5	2.62603e-005	52168	0.8	7.15175e-005	37836	0.9999	0.0648149	12521	
0.5	2.51429e-005	75742	0.8	6.97854e-005	57352	0.9999	0.06468	30503	
0.5	2.56457e-005	34062	0.8	6.96178e-005	35403	0.9999	0.0628542	12677	
0.5	2.4193e-005	81153	0.8	6.57905e-005	80557	0.9999	0.0591989	52473	
0.5	2.36343e-005	84534	0.8	6.76064e-005	77270	0.9999	0.0598218	47288	
0.5	2.3327e-005	95608	0.8	6.50362e-005	85988	0.9999	0.0604201	59204	
0.5	2.44165e-005	94003	0.8	6.3807e-005	84139	0.9999	0.0585524	62652	
0.5	2.42768e-005	89254	0.8	6.51479e-005	75259	0.9999	0.0601631	46557	
0.5	2.112e-005	157927	0.8	5.43645e-005	159345	0.9999	0.0502233	129510	
0.5	1.94717e-005	160416	0.8	5.48952e-005	147045	0.9999	0.0497041	116413	
0.5	2.00864e-005	155621	0.8	5.64876e-005	149223	0.9999	0.0512167	115879	
0.5	2.13714e-005	170720	0.8	5.91975e-005	148697	0.9999	0.0531812	102061	
0.5	2.13435e-005	203191	0.8	5.83594e-005	194555	0.9999	0.0513581	159943	
0.5	2.45562e-005	3250	0.8	6.72152e-005	710	0.9999	0.0638847	0	
0.5	2.56457e-005	9516	0.8	7.03441e-005	5139	0.9999	0.0671464	0	
0.5	4.19886e-005	10119	0.8	7.01206e-005	4652	0.9999	0.0649681	129	
0.5	2.49473e-005	2120	0.8	6.79695e-005	7908	0.9999	0.065287	0	
0.5	2.56737e-005	3716	0.8	6.97854e-005	3687	0.9999	0.066322	0	
0.5	2.76851e-005	27490	0.8	7.55962e-005	17029	0.9999	0.071292	562	
0.5	2.82438e-005	31825	0.8	7.70768e-005	25425	0.9999	0.0741496	1628	
0.5	2.93054e-005	35810	0.8	7.55124e-005	23511	0.9999	0.0718391	5492	
0.5	2.82159e-005	16648	0.8	7.33892e-005	11849	0.9999	0.0707884	0	
0.5	2.7266e-005	11186	0.8	7.33892e-005	14532	0.9999	0.0695777	725	
0.5	2.63721e-005	77376	0.8	7.18806e-005	71641	0.9999	0.0653225	37731	
0.5	2.93333e-005	45051	0.8	7.568e-005	46759	0.9999	0.0711879	24012	
0.5	2.7713e-005	62626	0.8	7.36406e-005	51935	0.9999	0.0681192	30163	
0.5	2.69308e-005	67671	0.8	7.15733e-005	58043	0.9999	0.0690303	24475	
0.5	2.63721e-005	58152	0.8	8.46476e-005	49610	0.9999	0.0670939	18765	
0.5	2.61765e-005	92767	0.8	6.99251e-005	83371	0.9999	0.0646681	50370	
0.5	2.51708e-005	103582	0.8	0.000702603	86479	0.9999	0.0632038	54466	
0.5	2.55898e-005	58611	0.8	6.78298e-005	52586	0.9999	0.0626766	29684	
0.5	2.41371e-005	119419	0.8	6.49803e-005	110490	0.9999	0.0587479	70916	
0.5	2.41651e-005	118619	0.8	6.58743e-005	103649	0.9999	0.0614486	73338	
0.5	2.13156e-005	183394	0.8	5.79403e-005	159970	0.9999	0.0517804	126000	
0.5	2.15391e-005	127226	0.8	5.97283e-005	118406	0.9999	0.0530583	85789	
0.5	2.22375e-005	125406	0.8	6.12368e-005	101492	0.9999	0.0546482	77968	
0.5	2.20698e-005	120423	0.8	6.18514e-005	102980	0.9999	0.0557617	77284	
0.5	2.31035e-005	162472	0.8	6.07898e-005	137018	0.9999	0.0539999	107756	
